Year,Male Lines,Female Lines
1931,368,77
1932,218,193
1933,155,0
1934,1110,902
1936,498,147
1939,506,440
1940,539,353
1941,220,143
1959,997,339
1960,258,270
1963,191,23
1964,506,44
1967,586,399
1968,309,0
1970,411,0
1971,1002,417
1973,330,15
1974,400,118
1975,343,50
1977,800,402
1979,446,180
1980,45,50
1981,22,24
1982,679,365
1983,240,91
1984,327,103
1985,454,44
1986,1065,1112
1987,1577,701
1988,911,470
1989,946,550
1990,815,424
1991,915,623
1992,326,584
1993,771,370
1994,2574,1467
1995,1395,211
1996,2854,448
1997,2004,1002
1998,3486,1230
1999,6089,2714
2000,3529,1303
2001,2875,2325
2002,499,293
2003,1149,433
2004,902,96
2005,500,404
2006,59,79
2007,173,456
